0.0135    0.1925    0.0230    0.4374    0.0824 1
0.0185    0.1914    0.0395    0.4717    0.1501 1
0.0486    0.2636    0.1153    0.4413    0.2753 1
0.0192    0.2076    0.0451    0.4905    0.1392 1
0.0142    0.1889    0.0313    0.4609    0.1441 1
0.1279    1.0207    1.8086    2.6390    2.3557 2
0.0491    0.2502    0.0725    0.4357    0.1938 1
0.0405    0.5357    0.4377    1.4797    5.0412 2
0.0151    0.2050    0.0510    0.4864    0.1225 1
1.1409    0.7636    0.7016    1.3919    1.8796 2
0.0404    0.2299    0.0429    0.5278    0.2461 1
0.0458    1.2901    4.4958    1.2290    0.9275 2
0.0247    0.5855    1.6525    1.2908    1.2309 1
0.0362    0.2768    0.0923    0.6873    0.3979 1
0.0457    0.2263    0.0808    0.5693    0.3398 1
0.1620    0.7122    0.7652    3.3042    4.0930 2
0.2410    1.3332    1.6522    4.5057    7.1790 2
0.0954    0.6470    0.4644    1.7700    1.5613 2
0.1045    1.0168    1.6234    1.8787    0.7411 2
1.5766    2.5355   15.9797    1.4883   1.5483 2
0.0699    0.5863    0.4779    1.6834    1.5472 2
0.0348    0.2749    0.1227    0.6340    0.5232 2
0.0163    0.2592    0.0956    0.6094    0.3223 1
0.1452    1.6227    3.1851    2.6841    2.9106 2
0.3864    1.3358    1.0738    3.8834    5.4938 2
0.0233    0.2372    0.0408    0.2354    0.0623 1
0.0291    0.2804    0.1079    0.2664    0.1194 1
0.0179    0.2586    0.0334    0.2579    0.0989 1
0.0089    0.2663    0.1187    0.2668    0.0661 1
0.0120    0.2417    0.0493    0.2206    0.1194 1
0.0217    0.2971    0.1903    0.4662    0.4571 1
0.0275    0.3572    0.4030    0.6499    0.5273 1
0.0318    0.2809    0.1067    0.2754    0.1266 1
0.0790    0.3454    0.1493    0.3459    0.1223 1
0.0527    0.3338    0.1210    0.3774    0.2017 1
0.1130    0.3489    0.2315    0.4152    0.1778 1
0.0526    0.4456    0.3800    0.5419    0.2629 1
0.0385    0.4647    0.4776    0.5962    0.6805 1
1.9605    0.8480    3.7641    0.9429    1.0719 2
1.2599    0.6413    0.6607    1.0267    0.4777 2
0.0071    0.2100    0.0340    0.2334    0.0368 1
0.0050    0.2704    0.0778    0.2519    0.2085 1
0.3303    1.0332    0.8696    2.1225    2.1235 2
0.0067    0.2784    0.0626    0.2493    0.1856 1
0.0055    0.1780    0.0154    0.2047    0.0200 1
0.0349    0.3058    0.1407    0.3812    0.1446 1
0.0580    0.5947    0.3737    0.9009    1.2648 1
0.0296    0.2867    0.0824    0.5926    0.2713 1
0.0204    0.4679    0.2024    0.3800    0.1651 1
1.3293    0.6748    3.0152    0.4692    0.4412 2
0.0231    0.4315    0.1463    0.3424    0.1300 1
0.0868    0.5903    1.5478    0.4870    0.3406 1
1.3382    0.9200    6.0818    0.7546    0.5276 2
0.0332    0.4798    0.2459    0.3928    0.2266 1
0.0225    0.4472    0.2186    0.3474    0.1395 1
0.1275    1.0542    2.8056    1.4403    1.3076 2
0.0062    0.5127    1.3415    0.2716    0.2319 1
0.0110    0.4270    0.0964    0.3916    0.1337 1
0.0568    0.7349    1.2798    0.6535    0.5489 1
0.0182    0.1946    0.0350    0.4743    0.1577    1.0000
0.0139    0.1933    0.0223    0.4434    0.0929    1.0000
0.0397    0.2343    0.0457    0.5232    0.2234    1.0000
0.0431    0.2511    0.0782    0.4247    0.1926    1.0000
0.0175    0.2095    0.0527    0.4900    0.1265    1.0000
0.0767    0.6465    0.5564    1.6940    1.4204    2.0000
0.0303    0.2159    0.0573    0.5381    0.2905    1.0000
1.1633    0.5344    0.7397    1.3270    1.5400    2.0000
0.0271    0.3404    0.1583    0.6684    0.5296    1.0000
0.0508    0.4130    0.1769    1.3034    1.9611    2.0000
0.0006    0.0025    0.0067    0.0012    0.0010 1
0.0018    0.0011    0.0019    0.0017    0.0023 1
0.0018    0.0010    0.0022    0.0014    0.0026 1
0.0347    0.6784    2.5779    1.3288    1.2419 2
0.0313    0.5864    1.6064    1.3544    1.7529 2
0.3048    1.1471    1.6257    0.7355    1.0450 1
1.3321    0.6803    3.2078    0.4772    0.5254 2
0.0234    0.4387    0.2046    0.3372    0.1226 1
0.0360    0.4819    1.0026    0.3387    0.1439 1
0.0191    0.4690    0.2547    0.3824    0.1615 1
0.0874    0.5940    1.4100    0.4859    0.3206 1
1.4144    0.7004    2.7564    0.4948    0.4125 1
0.0067    0.5775    1.4909    0.3078    0.3150 1
0.1020    0.8184    1.2281    1.3214    1.1406 2
0.0123    0.5638    1.1678    0.3801    0.3490 1
0.0370    0.5526    1.4723    0.3733    0.4481 1
0.0273    0.5299    0.1700    0.9318    1.1311 2
0.0643    0.7705    0.6793    1.2006    0.9113 2
0.0264    0.7345    1.5476    0.9152    0.7670 2
0.0417    0.6855    0.8313    1.0118    0.8959 2
0.0400    0.5271    0.1805    1.0207    0.6270 1
1.4921    0.6149    3.1958    0.4218    0.2176 1
1.4899    0.6215    3.6411    0.4173    0.2156 1
1.4035    0.8431    3.9695    0.5197    0.5017 1
0.0182    0.6577    7.1668    0.4352    0.5059 2
0.1280    0.7799    0.8616    1.4296    1.4335 1
0.0184    0.7246   10.9312    0.4289    0.5057 2
0.1261    0.7929    0.8953    1.4090    1.4415 1
0.1529    0.8391    0.8406    1.5521    1.4157 1
0.3316    1.3267    2.2256    1.6035    1.5531 1
0.0181    0.6844    8.9691    0.4280    0.4771 2
0.1282    0.7891    0.9184    1.4381    1.3933 1
0.0070    0.5934    6.3215    0.2928    0.2374 1
0.0752    0.7244    0.8042    1.3269    1.0534 1
0.2233    1.3165    1.6518    1.7507    2.0133 1
0.0969    0.5660    0.2545    2.6097    0.6572 1
0.0182    0.6944    9.0860    0.4332    0.4942 2
0.1087    0.8404    1.3191    1.3203    1.3067 1
0.0071    0.6418    7.2842    0.3358    0.4779 1
0.0472    0.7488    0.6688    1.1566    1.2294 1
0.0539    0.8836    2.6970    1.1514    1.1568 1
0.0178    0.6577    5.4726    0.4668    0.8405 1
0.1290    0.8064    1.0739    1.4071    1.3113 1
0.0070    0.5930    6.3366    0.2935    0.2401 1
0.1560    0.8072    0.7437    1.5909    1.4407 1
0.0288    0.6614    0.9295    0.9601    0.8317 1
0.0182    0.6837    8.9527    0.4261    0.4652 2
0.1232    0.7840    0.8718    1.3685    1.3691 1
0.0070    0.5986    6.3321    0.3008    0.2728 2
0.1030    0.7249    1.0933    1.2775    1.0690 1
0.2072    1.2600    1.1469    1.8482    2.4302 1
1.7557    0.8684    1.4964    1.7224    2.5448 2
0.0728    0.5793    0.3206    1.6836    1.6453 1
0.7166    1.4675    2.6576    6.5778    5.9704 1
0.1915    0.9962    4.3132    3.5648    3.7737 1
0.2733    1.1372    0.6610    1.9297    3.8010 1
0.0718    0.6020    0.4238    1.6753    1.6132 1
0.1027    0.6936    0.7173    1.7734    1.8109 1
0.1382    1.8995    4.8321    2.1999    1.8098 1
0.0226    0.4009    0.0966    1.5735    1.5363 1
1.8130    1.0194    1.5116    1.9916    2.9632 1
0.0814    0.6814    0.5286    1.7406    1.7183 1
0.1360    0.9410    0.5287    1.7843    1.7057 1
1.6568    1.9529   12.0934    2.2951    2.5696 1
0.0230    0.4005    0.1170    1.7549    2.5854 1
0.0635    0.6114    0.5077    1.6483    1.6386 1
0.0494    0.5846    0.4321    1.5923    1.4168 1
0.0610    0.9094    0.3963    2.6132    2.0981 1
0.0194    0.3933    0.0888    1.4353    1.1848 1
0.0207    0.5304    0.4453    1.9915    3.4114 1
0.0482    0.6614    0.8329    1.7330    1.6894 1
3.0169    1.4288    1.8643   24.2648  141.7420 2
0.0197    0.4064    0.0967    1.5600    1.8459 1
0.6696    2.8108    2.2136    4.2228   18.4514 2
1.7727    1.0746    1.4203    1.8602    1.6333 1
0.0451    0.5799    0.6512    1.4923    1.8494 1
0.0837    0.6436    0.4340    1.7550    1.6516 1
0.4945    2.1370    5.3764    1.5712    3.2919 1
0.9402    6.7435   12.3075   11.3104   17.6459 2


 