0.0226    0.3463    0.1166    0.4490    0.2330    0.9636    6.7098    7.3976   11.0971 1
    0.0293    0.3807    0.1102    0.4888    0.2643   44.5088   21.8892    5.0683    7.3231 1
    0.0113    0.3471    0.0880    0.6166    0.7632   12.4238    7.5452    6.7098    0.5725 2
    0.0168    0.4178    0.0935    0.8034    0.8413   12.4238    7.4327    7.3976    0.6572 2
    0.1698    1.3739    1.9479    2.0156    2.8309   44.5088   22.7620    9.1753    2.6484 1
    0.0044    0.3878    0.1722    0.4805    0.4558    0.9636    7.5452    7.4327    0.0897 1
    0.0862    0.5330    0.8055    1.6279    1.8518   14.5239   22.8542   18.7309    1.3678 2
    0.0109    0.4679    0.1215    0.9778    1.8894   16.2028   10.9097    8.9105    0.1580 1
    0.0245    0.6496    0.9042    0.7347    0.6943   13.3464    9.1753    7.2652    0.9926 2
    0.0736    0.5702    0.4033    1.4511    1.1026   18.1325   11.6904   11.5603    1.1291 2 
    0.0272    0.4226    0.0934    1.0044    0.6412    8.3307   22.8542   41.5475    0.6268 2
    0.0099    0.4341    0.7208    0.5394    0.6868    7.3043    7.2652    5.1388    0.0893 1
    0.0336    0.4873    0.1661    1.2037    0.5153   11.5603   11.2017   33.3548    0.3981 2
    0.0332    0.4606    0.1507    1.2556    0.8247    8.3307   14.5239   33.2223    0.3032 2
    0.0182    0.3870    0.0810    0.9484    0.4273    6.6648   18.1325    5.0683    0.3783 2
    0.0190    0.4009    0.1046    0.7602    0.9319   13.3464    7.3043   11.4501    0.6161 2
    0.0287    0.3738    0.0737    0.9137    0.4952    6.6648   11.6904   10.2368    0.2437 2
0.0803    0.4228    0.2399    0.5586    0.3334    4.1012   37.9049   89.4835   14.6805 1
    0.0442    0.3982    0.1423    0.6106    0.4123   10.2923   26.2358   53.4388    4.1283 1
    0.0049    0.3700    0.1474    0.3899    0.4147   84.8459   88.3074   89.6612    0.1070 1
    0.0061    0.3722    0.2147    0.3577    0.3942    0.3989   10.6308   26.5279    0.1065 1
    0.3629    1.1066    0.8550    2.2243    1.9811   28.9479   43.2053   53.4388    1.4890 2
    0.0253    0.3572    0.0782    1.2269    1.5193    0.4017   89.8372   36.7790    0.4042 1
    0.0400    0.3967    0.0815    1.4332    1.5592   54.6031   89.1113   88.9251    0.3640 1
    0.0918    0.7607    0.4745    2.6137    3.3516   16.2255   26.2358   28.9479    0.7439 2
    0.0659    0.3846    0.0859    0.7701    0.3158    4.1012    2.9265   33.8425    1.3994 2
    0.0262    0.4156    0.2931    1.3661    1.3914    0.4017   89.4835   36.6387    0.6103 1
    0.0426    0.5026    0.1426    1.5487    1.1918   16.2255   10.2923   43.2053    0.5655 2
    0.0174    0.3711    0.0741    0.5961    0.2900    2.9265    1.2361   36.6803    1.0042 2
    0.2808    2.4154    5.2007    4.9197    9.2876   54.6031   36.6387   36.7790    0.5377 2
0.0813    0.4364    0.2885    0.5544    0.3145    4.5658   15.1642   26.1742   14.7798 1
    0.0044    0.3739    0.2330    0.3527    0.3871   89.8437   81.8613   86.8268    0.1037 1
    0.0378    0.4093    0.2097    0.6081    0.4099   23.9042   52.1320   65.4401    4.0997 1
    0.0417    0.3832    0.0746    1.7095    2.3324   19.8895   50.8457    2.7673    0.3814 1
    0.0209    0.3469    0.0743    1.1077    1.2808   58.8565   14.9799   62.6474    0.4071 1
    0.0519    0.3991    0.2202    0.7396    0.4221   10.6311   21.6113    4.5658    1.7098 2
    0.0128    0.3385    0.0644    0.5329    0.2425    0.9223    2.9488   13.5693    0.6530 2
    0.1959    1.2078    1.1502    2.1901    3.4606   41.6177   28.2537   23.9042    1.4002 2
    0.0287    0.4765    0.3113    1.0976    1.1454   59.2321    0.5975   62.0772    0.5528 1
    0.0944    1.1426    0.4365    0.4540    0.8376   89.8437   81.1367   28.8273    4.3183 2
    0.0554    0.6071    0.3717    1.8623    1.5224   11.3099   13.4178   21.6113    0.7337 2
    0.0071    0.3716    0.0818    0.5523    0.3372    0.9223    3.6175   14.1345    0.6015 2
    1.9914    0.9161    3.8163    0.9816    1.1204    0.6933   89.8406   89.2061    1.2821 1
    0.2362    1.7215    2.3932    2.2783    2.9110   58.8565   87.6883   73.7018    0.3334 2
    0.0442    0.4455    0.1547    1.4377    1.0268   13.4178   28.2537   24.1045    0.4484 2
    0.1388    1.3247    0.6047    0.3091    0.3919   68.8423   75.1061   77.3642    4.7136 2
    0.0210    0.5091    0.1887    1.2805    0.9789   11.3099   10.6311   24.1045    0.4388 2
    0.0130    0.3923    0.0680    1.7923    2.1261    0.6933   89.5378   89.5201    0.0722 2
    0.0060    0.4344    3.4137    0.3646    0.4344   89.4610   89.9394   89.9954    0.1068 1
    0.0774    2.0424    4.2621    2.4596    2.8334   87.6883   62.6474   56.1255    0.3059 2
    0.0352    0.3866    0.1155    1.6513    1.5586   14.9799   73.7018   56.1255    0.1853 2
    0.7850    3.3820    3.6733    0.9114    0.9497   75.1061    6.2863   89.4610    6.3459 2
    0.1222    1.2240    0.5684    0.7203    1.3611   68.8423    8.5246    6.2863    4.2108 2
    0.2499    2.3293    5.4531    4.3695    7.9504   50.8457   70.5222   53.2690    0.9420 2
    1.1010    4.9641    3.7956    0.8714    1.2167    8.5246   77.3642    2.3846    3.2100 2
    0.0390    0.3993    0.0812    2.1709    2.9030   19.8895   70.5222   17.3148    0.2397 2
    0.0172    0.3678    0.0618    1.6128    3.2838    2.7673   53.2690   17.3148    0.4966 1
1.3340    0.6665    2.8696    0.4769    0.4745    0.8052   29.3517   37.0030    4.5646 1
    0.0197    0.4688    0.1931    0.3745    0.1476   21.4474    3.3211   38.2594    5.4027 1
    0.0086    0.6060    6.6351    0.3602    0.3441    0.8052   28.6889   36.3266    0.0871 1
    0.0233    0.4317    0.1690    0.3460    0.1240   46.0517   15.3659   29.5920    6.5491 1
    0.0954    1.0017    1.6880    1.4300    1.3961   22.8267   19.0143   30.4651    1.0187 2
    0.0891    0.5951    1.3548    0.4859    0.3131   30.6961   19.1955   46.0517    5.3002 1
    0.1089    0.8187    0.8560    1.3246    1.2881   16.8183   21.4474   21.7257    0.9343 2
    0.0534    0.5009    0.1469    1.6127    1.4374    7.7026   22.8267   41.8410    0.3462 2
    0.0607    0.6137    0.4647    1.4613    1.5403   19.0143   11.7279   41.8410    0.3826 2
    1.4096    0.8013    4.1019    0.5027    0.4601   89.5977   89.5067   73.9441    3.6373 1
    0.0067    0.5298    1.9816    0.2969    0.2443   89.5067    0.2883   16.5493    0.0894 1
    0.0293    0.6165    0.2344    0.9741    0.5919   16.8183   38.2594   38.4715    0.2037 2
    0.0316    0.4398    0.1147    0.8943    0.3994    7.7026   30.4651   49.4711    0.1491 2
    0.0591    1.1878    5.0325    1.8543    2.6689   21.7257    3.3211   38.4715    0.1745 2
    0.0259    0.5017    0.1502    0.7905    0.3667    2.7408   11.5016   19.1955    0.1127 2
    0.0017    0.8617    0.3831    0.5826    0.4269   11.7279   30.7397   53.5652    0.4429 2
    0.0446    0.7295    1.1599    1.2167    1.4357   14.2407   30.6961   11.5016    0.7418 2
    0.0692    0.7156    0.6897    1.4756    2.1339   14.2407    2.7408   29.5920    0.4348 2
    0.0198    0.7128    0.7876    0.9378    0.9057    8.2833   38.9708   19.7811    0.1318 2
0.0230    0.4324    0.2104    0.3364    0.1229   46.0535   27.3508   11.5463    6.6801 1
    1.4072    0.8515    4.2314    0.5223    0.4928   89.6119    0.1779   89.5427    3.7911 1
    0.0196    0.4750    0.2554    0.3797    0.1628   19.9907   13.8829   31.5214    5.3549 1
    0.0870    0.5469    0.8862    0.4865    0.3093   34.5208   46.0535   18.7693    5.2663 1
    0.0216    0.4845    1.4609    0.3250    0.1230    0.5345    0.0364    7.8651    4.1429 1
    0.0069    0.5181    0.3794    0.3304    0.3726    0.1779   89.7205   89.6519    0.0859 1
    0.1167    1.1498    2.8676    1.2585    1.4121    6.1456   13.8829   17.6463    0.6513 2
    0.0386    0.6541    0.2775    0.8458    0.3654    6.1456   19.9907   11.5372    0.1581 2
    0.0057    0.4947    0.5771    0.3022    0.2814   89.5427    0.2831   89.6519    0.0898 1
    0.0478    0.7177    1.3074    1.1957    1.1593   34.5208   15.7565   15.8209    0.8944 2
    0.0425    0.5400    0.1700    1.0196    0.4833    0.0972   15.7565   18.7693    0.1645 2
    0.0024    0.7446    0.2933    0.4727    0.4031    0.0364    0.5640    7.9011    0.3430 2
    0.1074    0.9622    2.2869    1.4762    1.3563   15.6559   19.9144   23.9347    1.0559 2
    0.1342    0.9552    0.7526    1.8470    1.4931   17.6463   11.5372   31.5214    0.4266 2
    0.0891    0.8299    0.6188    1.2515    0.9219    0.0972   15.8209   27.3508    0.5180 2
    0.1670    0.8156    0.7481    1.5458    1.3425   30.7480   46.3431   50.6474    0.8250 2
    0.0213    0.5328    0.2074    1.0671    1.5355    4.3738   19.9144   10.3580    0.2597 2
    0.0126    0.5359    0.5794    0.5783    0.2714    4.3738   15.6559   12.6529    0.0945 2
    0.0640    0.6758    4.0380    0.5342    0.3928    0.5345    0.5640    7.3990    0.1835 1
    0.0404    0.8136    0.3642    1.7395    2.0114   13.1233   10.3580   12.6529    0.5886 2
    0.0323    0.8249    1.9520    1.1789    2.2199    4.4729   11.5650    8.9581    0.2181 2
    0.0348    0.5726    0.2788    1.2894    0.9330   13.1233    4.4729   13.2435    0.1892 2