366.085 130.882 -470.814 0.2833 -0.957927 -0.0460118 40.6817
483.816 -1192.11 -583.003 0.938737 0.289665 0.186729 41.2489
490.503 -172.22 -493.409 0.443492 0.886591 0.131422 46.6934
492.098 -195.577 -502.116 -0.472007 -0.873037 -0.122538 39.2491
-59.5108 -10.8375 -564.961 0.371272 -0.92828 -0.021301 47.639
-40.9047 25.9996 -505.65 -0.335805 0.938905 0.0754423 44.5181
91.1729 2.27363 -527.396 0.950912 0.261479 0.165515 50.1554
116.19 5.98238 -525.747 -0.945009 -0.249296 -0.211684 43.7324
-131.585 -927.779 -786.497 -0.869219 0.385611 -0.309456 44.2269
-152.287 -831.392 -829.806 -0.804923 0.486509 -0.339718 44.7895
47.8323 16.5975 -41.5939 -0.489878 0.841574 -0.227537 640.16
-216.37 380.476 -629.674 -0.732423 0.441397 0.518388 434.834
-73.4033 48.853 365.189 -0.904101 -0.407963 -0.12715 1080.27
530.539 -749.722 -948.453 -0.545726 0.481459 -0.685843 477.558
-203.292 -169.098 29.1618 0.365648 -0.566892 -0.738197 433.055
792.651 -258.455 -595.708 0.282001 -0.684534 0.672226 603.752
1047.86 -569.078 190.328 0.331765 0.785575 0.522307 386.275
1051.78 -554.87 0.497314 0.438387 0.831286 0.341732 281.173
21.0508 -794.455 337.158 0.559672 0.336272 0.757423 961.955
-851.742 -1105.62 -3030.8 -0.253804 0.929462 -0.267738 2953.16
-841.315 -1857.89 -2694.33 -0.570703 -0.581859 0.579429 2900.31
